labels 1 -1 0
1 0.962861 0.0021868 0.034952
1 0.974025 0.0128759 0.0130995
1 0.844298 0.0451933 0.110509
1 0.501761 0.214737 0.283501
1 0.962822 0.0091224 0.0280555
1 0.645115 0.148513 0.206372
-1 0.00172955 0.992445 0.00582562
-1 0.122948 0.578758 0.298295
-1 0.00826435 0.789748 0.201988
-1 0.0804471 0.75211 0.167443
-1 0.295098 0.443646 0.261256
0 0.187211 0.116354 0.696435
-1 0.192269 0.419093 0.388638
0 0.367479 0.084053 0.548468
