labels 1 -1 0
1 0.412993 0.256954 0.330053
1 0.834431 0.0942839 0.0712851
1 0.745099 0.152995 0.101906
1 0.753677 0.112105 0.134218
0 0.315251 0.269119 0.41563
1 0.984518 0.00103162 0.0144499
1 0.973611 0.0164932 0.00989541
1 0.647501 0.287833 0.0646659
1 0.830123 0.0803673 0.0895092
1 0.895767 0.0553395 0.0488939
0 0.365877 0.248376 0.385747
-1 0.207242 0.444282 0.348476
0 0.0748901 0.441581 0.483528
-1 0.135859 0.684459 0.179682
-1 0.20496 0.706639 0.0884012
0 0.25217 0.323653 0.424177
-1 0.043947 0.834003 0.12205
-1 0.0606359 0.893516 0.045848
0 0.144635 0.267365 0.588
0 0.0376048 0.16691 0.795485
-1 0.129913 0.644833 0.225253
0 0.265375 0.269952 0.464673
0 0.319786 0.321946 0.358268
1 0.821024 7.22537e-05 0.178904
0 0.14052 0.187183 0.672297
0 0.189956 0.228843 0.581201
1 0.513873 0.144677 0.341449
