labels -1 1 0
0 0.0750966 0.026485 0.898418
-1 0.647935 0.127977 0.224088
-1 0.671242 0.252553 0.0762051
1 0.307409 0.543356 0.149234
-1 0.453815 0.320981 0.225204
-1 0.762246 0.146633 0.0911201
1 0.22596 0.672153 0.101887
-1 0.74458 0.0750137 0.180406
-1 0.62733 0.046922 0.325748
-1 0.496075 0.255303 0.248622
0 0.270662 0.103812 0.625525
0 0.138867 0.0514829 0.80965
0 0.367569 0.188857 0.443574
-1 0.634616 0.27035 0.0950347
1 2e-14 1 5e-08
-1 0.999976 2.44012e-05 5.00012e-08
-1 0.653261 0.213292 0.133447
-1 0.734744 0.147246 0.11801
-1 0.722746 0.235339 0.0419157
1 0.301966 0.614547 0.0834869
0 0.0773035 0.0261943 0.896502
-1 0.684193 0.216418 0.0993891
-1 0.533096 0.262637 0.204267
-1 0.65977 0.22016 0.12007
-1 0.666602 0.310567 0.0228309
0 0.306034 0.193021 0.500945
-1 0.813043 0.140956 0.046001
1 0.232874 0.65254 0.114586
1 0.393951 0.493504 0.112545
0 0.130249 0.0480246 0.821727
1 0.277937 0.722058 5.70744e-06
-1 0.529589 0.229037 0.241374
-1 0.624542 0.0584309 0.317027
-1 0.650657 0.103546 0.245797
-1 0.698016 0.194924 0.10706
-1 0.66752 0.14374 0.18874
-1 0.677146 0.253987 0.0688678
-1 0.719158 0.260038 0.0208047
1 0.436579 0.441452 0.121969
-1 0.844924 0.0998737 0.0552019
0 0.114509 0.0383518 0.84714
-1 0.660215 0.0519273 0.287858
1 0.116238 0.820741 0.0630214
-1 0.472957 0.407347 0.119696
0 0.157344 0.0791583 0.763497
0 0.396242 0.0880468 0.515711
-1 0.808782 0.132483 0.0587346
-1 0.702826 0.1941 0.103073
-1 0.492184 0.404658 0.103158
-1 0.627345 0.271658 0.100997
-1 0.824772 0.116343 0.0588851
-1 0.870296 0.0988239 0.0308802
0 0.130895 0.0468751 0.822229
-1 0.474638 0.28209 0.243272
0 0.15089 0.0564176 0.792692
0 0.156585 0.058412 0.785003
-1 0.671867 0.215364 0.11277
-1 0.429972 0.208497 0.361531
0 0.347447 0.206438 0.446114
-1 0.573942 0.268885 0.157173
1 0.351967 0.620547 0.0274858
0 0.0840814 0.0267152 0.889203
0 0.156337 0.0384708 0.805192
0 0.131805 0.0425168 0.825678
0 0.0759518 0.0254198 0.898628
-1 0.55175 0.236367 0.211883
-1 0.68971 0.269448 0.0408429
-1 0.474284 0.399422 0.126293
0 0.349427 0.209417 0.441156
0 0.249619 0.0640419 0.686339
-1 0.531282 0.230061 0.238657
0 0.332777 0.174942 0.492282
-1 0.759953 0.0722044 0.167843
-1 0.64967 0.310372 0.0399579
-1 0.649395 0.196693 0.153912
0 0.160788 0.0448622 0.794349
1 0.25635 0.694333 0.0493166
-1 0.409027 0.201172 0.3898
-1 0.73054 0.212129 0.0573307
-1 0.5224 0.248217 0.229383
-1 0.683976 0.243227 0.0727979
0 0.115233 0.0596391 0.825128
-1 0.481202 0.233745 0.285053
-1 0.593746 0.21545 0.190804
-1 0.839584 0.106568 0.0538478
1 0.222652 0.666414 0.110934
0 0.395426 0.094259 0.510315
-1 0.666609 0.229305 0.104087
-1 0.597362 0.260556 0.142082
-1 0.65917 0.202799 0.138032
-1 0.696454 0.232912 0.0706338
-1 0.669453 0.128079 0.202468
-1 0.715919 0.21551 0.0685702
-1 0.475345 0.118979 0.405676
0 0.106847 0.0327863 0.860367
0 0.0640637 0.0216466 0.91429
0 0.164613 0.0609718 0.774416
-1 0.648113 0.316778 0.035109
-1 0.67882 0.214163 0.107017
-1 0.668245 0.207414 0.124341
-1 0.629272 0.214963 0.155764
1 0.320556 0.52463 0.154815
0 0.183398 0.0713788 0.745223
-1 0.66864 0.212243 0.119117
1 0.390023 0.4837 0.126278
1 0.132465 0.798861 0.0686735
0 0.177924 0.0725616 0.749514
1 0.145367 0.785203 0.06943
0 0.345121 0.208793 0.446087
-1 0.687729 0.0722088 0.240062
-1 0.678653 0.250765 0.0705826
-1 0.659144 0.212848 0.128008
-1 0.732269 0.206193 0.0615382
-1 0.655344 0.22953 0.115126
-1 0.562226 0.217923 0.219851
-1 0.448061 0.387687 0.164252
-1 0.685762 0.29052 0.0237181
-1 0.789108 0.194488 0.0164035
-1 0.440159 0.204556 0.355285
-1 0.662668 0.214122 0.123211
-1 0.667874 0.208917 0.123209
0 0.167467 0.0636069 0.768926
-1 0.690353 0.248485 0.061162
-1 0.657803 0.204139 0.138058
-1 0.484973 0.219073 0.295954
-1 0.663075 0.203366 0.133559
-1 0.582924 0.211806 0.20527
-1 0.670232 0.212506 0.117262
0 0.163887 0.0850143 0.751099
1 0.287979 0.63092 0.0811009
-1 0.660416 0.21353 0.126054
-1 0.544675 0.0507098 0.404615
-1 0.648512 0.296828 0.0546599
-1 0.7269 0.227711 0.045389
0 0.0601275 0.0203982 0.919474
0 0.378117 0.175915 0.445968
-1 0.687133 0.272508 0.0403591
0 0.229433 0.0920044 0.678563
0 0.0711207 0.0242433 0.904636
-1 0.504823 0.296471 0.198707
-1 0.656611 0.211529 0.131859
-1 0.590563 0.373422 0.0360146
-1 0.582553 0.0382942 0.379153
-1 0.437449 0.216233 0.346318
-1 0.669403 0.250562 0.0800351
-1 0.646954 0.351518 0.00152765
-1 0.593639 0.247217 0.159144
1 0.408058 0.490489 0.101453
-1 0.44591 0.385354 0.168735
1 0.291181 0.629399 0.0794202
-1 0.628471 0.0548176 0.316712
-1 0.633792 0.0462575 0.319951
-1 0.624415 0.213981 0.161604
0 0.210795 0.078177 0.711028
-1 0.872696 0.0960922 0.031212
0 0.323219 0.148226 0.528556
0 0.0718187 0.0254271 0.902754
0 0.15988 0.0597289 0.780391
-1 0.59051 0.0434864 0.366004
-1 0.603235 0.243921 0.152844
1 0.42059 0.4837 0.0957107
0 0.174159 0.0645463 0.761295
1 0.0521649 0.947832 3.21899e-06
0 0.231295 0.0606719 0.708033
-1 0.614698 0.185101 0.200201
0 0.354151 0.20257 0.443279
-1 0.611401 0.237415 0.151184
-1 0.814541 0.124698 0.0607609
-1 0.470731 0.321749 0.20752
-1 0.664901 0.209798 0.125301
0 0.102955 0.0363622 0.860683
-1 0.527827 0.45222 0.0199526
0 0.162774 0.0848937 0.752332
-1 0.602292 0.0472442 0.350464
-1 0.485753 0.2625 0.251747
